39

295 295 443 74
443 74 590 74
590 74 480 258
480 258 517 295
517 295 295 295

517 590 886 74
886 74 1108 74
1108 74 1477 590
1477 590 1255 590
1255 590 997 222
997 222 740 590
740 590 517 590

147 885 310 737
310 737 310 959
147 885 369 885

369 959 479 737
479 737 590 959
406 885 553 885

959 737 737 737
737 737 737 959
737 959 959 959
959 959 959 848
959 848 848 848

959 959 1069 737
1068 737 1180 959
1143 885 996 885

1180 959 1180 737
1180 737 1291 848
1291 848 1401 737
1401 737 1401 959

1622 737 1401 737
1401 737 1401 959
1401 959 1622 959
1401 848 1622 848

1844 737 1622 737
1622 737 1622 848
1622 848 1844 848
1844 848 1844 959
1622 959 1844 959
